W.mm(sampling)
Out[60]: 

 1.1779
 1.2630
 1.0944
 1.2814
 1.2636
 1.2724
 1.2319
 1.2296
 1.3859
 1.2298
 1.2569
 1.2952
 1.3113
 1.3402
 1.2558
 1.1774
 1.2479
 1.1490
 1.2851
 1.1720
 1.1829
 1.1658
 1.3026
 1.2729
 1.2294
 1.1608
 1.1979
 1.1996
 1.2467
 1.2219
 1.3479
 1.2692
 1.3207
 1.1702
 1.2443
 1.1468
 1.2714
 1.2600
 1.3598
 1.2542
 1.2103
 1.2222
 1.2360
 1.2551
 1.2209
 1.2626
 1.2764
 1.3090
 1.2209
 1.2397
 1.2542
 1.2161
 1.2606
 1.2661
 1.3840
 1.2795
 1.2021
 1.2622
 1.3305
 1.2879
 1.2733
 1.2438
 1.2580
 1.2335
 1.1753
 1.2504
 1.3055
 1.1624
 1.3218
 1.3376
 1.1699
 1.1772
 1.2178
 1.2295
 1.2761
 1.3480
 1.2974
 1.3114
 1.2776
 1.3499
 1.3518
 1.2596
 1.3029
 1.3017
 1.2588
 1.1349
 1.2579
 1.1655
 1.1813
 1.2876
 1.3425
 1.2689
 1.3235
 1.2694
 1.2436
 1.3538
 1.2379
 1.2797
 1.2347
 1.2372
 1.3198
 1.1205
 1.2633
 1.2403
 1.1726
 1.2336
 1.3519
 1.2475
 1.3748
 1.2121
 1.1670
 1.1707
 1.2873
 1.3241
 1.2257
 1.1734
 1.2582
 1.2474
 1.2458
 1.2905
 1.2210
 1.3056
 1.3246
 1.1868
 1.2269
 1.2145
 1.2133
 1.2705
 1.2873
 1.2734
 1.2236
 1.2009
 1.2635
 1.2429
 1.2190
 1.2769
 1.1824
 1.2723
 1.1899
 1.3023
 1.2635
 1.2591
 1.3462
 1.1703
 1.2725
 1.2021
 1.2896
 1.2887
 1.2251
 1.2913
 1.2859
 1.2793
 1.2118
 1.2896
 1.3013
 1.1394
 1.2541
 1.1825
 1.3006
 1.2814
 1.2145
 1.3269
 1.1804
 1.2333
 1.3466
 1.1605
 1.2562
 1.2372
 1.2544
 1.2789
 1.2536
 1.3386
 1.1295
 1.3685
 1.2465
 1.2910
 1.1904
 1.2248
 1.2080
 1.3723
 1.2726
 1.3060
 1.2916
 1.2282
 1.2853
 1.2150
 1.2641
 1.2023
 1.2436
 1.1654
 1.3140
 1.1977
 1.3430
 1.3004
 1.2643
 1.2605
 1.1540
 1.2573
 1.2781
 1.2583
 1.3104
 1.2912
 1.1949
 1.2690
 1.1916
 1.3131
 1.2862
 1.1624
 1.2158
 1.2509
 1.3221
 1.2216
 1.1789
 1.3205
 1.2074
 1.2205
 1.2890
 1.2702
 1.3006
 1.3799
 1.3243
 1.4107
 1.2435
 1.3070
 1.2718
 1.1921
 1.2537
 1.2956
 1.1660
 1.3389
 1.2742
 1.1892
 1.3332
 1.2326
 1.2898
 1.2318
 1.2859
 1.2927
 1.4836
 1.2007
 1.2933
 1.1522
 1.1988
 1.3019
 1.2968
 1.4027
 1.2796
 1.2825
 1.3681
 1.2902
 1.1848
 1.3721
 1.2082
 1.1706
 1.3504
 1.2405
 1.2236
 1.2348
 1.3350
 1.2378
 1.2679
 1.3529
 1.2723
 1.3245
 1.3493
 1.2768
 1.3287
 1.3355
 1.1826
 1.1968
 1.3181
 1.3341
 1.1308
 1.2175
 1.1818
 1.2478
 1.1824
 1.2936
 1.2280
 1.2469
 1.2184
 1.0570
 1.1849
 1.2159
 1.3144
 1.2049
 1.2160
 1.2401
 1.3170
 1.2971
 1.1628
 1.1476
 1.2268
 1.3298
 1.3581
 1.3319
 1.2485
 1.2713
 1.2526
 1.2408
[torch.cuda.FloatTensor of size 300x1 (GPU 0)]

W.mm(sampling)[7*30:8*30]
Out[63]: 

 1.3221
 1.2216
 1.1789
 1.3205
 1.2074
 1.2205
 1.2890
 1.2702
 1.3006
 1.3799
 1.3243
 1.4107
 1.2435
 1.3070
 1.2718
 1.1921
 1.2537
 1.2956
 1.1660
 1.3389
 1.2742
 1.1892
 1.3332
 1.2326
 1.2898
 1.2318
 1.2859
 1.2927
 1.4836
 1.2007
[torch.cuda.FloatTensor of size 30x1 (GPU 0)]
