out
Out[57]: 

 1.1857
 1.2707
 1.1020
 1.2892
 1.2713
 1.2800
 1.2397
 1.2373
 1.3937
 1.2376
 1.2647
 1.3030
 1.3190
 1.3480
 1.2636
 1.1849
 1.2556
 1.1565
 1.2928
 1.1798
 1.1907
 1.1736
 1.3103
 1.2807
 1.2370
 1.1686
 1.2057
 1.2074
 1.2544
 1.2297
 1.3557
 1.2770
 1.3285
 1.1780
 1.2520
 1.1545
 1.2792
 1.2678
 1.3675
 1.2620
 1.2181
 1.2298
 1.2437
 1.2629
 1.2286
 1.2703
 1.2842
 1.3167
 1.2286
 1.2474
 1.2619
 1.2239
 1.2684
 1.2739
 1.3917
 1.2873
 1.2099
 1.2699
 1.3383
 1.2955
 1.2811
 1.2516
 1.2658
 1.2412
 1.1830
 1.2581
 1.3132
 1.1702
 1.3296
 1.3454
 1.1776
 1.1849
 1.2255
 1.2373
 1.2838
 1.3558
 1.3052
 1.3190
 1.2853
 1.3576
 1.3596
 1.2674
 1.3107
 1.3094
 1.2666
 1.1427
 1.2657
 1.1731
 1.1890
 1.2954
 1.3503
 1.2767
 1.3312
 1.2772
 1.2514
 1.3615
 1.2456
 1.2875
 1.2425
 1.2450
 1.3276
 1.1283
 1.2710
 1.2480
 1.1804
 1.2414
 1.3597
 1.2552
 1.3826
 1.2199
 1.1747
 1.1785
 1.2951
 1.3319
 1.2335
 1.1812
 1.2659
 1.2552
 1.2536
 1.2983
 1.2288
 1.3133
 1.3324
 1.1945
 1.2346
 1.2223
 1.2210
 1.2782
 1.2951
 1.2811
 1.2313
 1.2087
 1.2712
 1.2506
 1.2268
 1.2846
 1.1901
 1.2801
 1.1976
 1.3100
 1.2712
 1.2668
 1.3539
 1.1781
 1.2803
 1.2099
 1.2974
 1.2964
 1.2329
 1.2990
 1.2937
 1.2870
 1.2196
 1.2974
 1.3091
 1.1471
 1.2618
 1.1903
 1.3083
 1.2892
 1.2222
 1.3347
 1.1882
 1.2411
 1.3543
 1.1683
 1.2639
 1.2449
 1.2622
 1.2867
 1.2613
 1.3463
 1.1372
 1.3763
 1.2542
 1.2987
 1.1981
 1.2325
 1.2158
 1.3800
 1.2804
 1.3138
 1.2994
 1.2360
 1.2929
 1.2228
 1.2718
 1.2100
 1.2514
 1.1732
 1.3218
 1.2055
 1.3507
 1.3082
 1.2719
 1.2683
 1.1617
 1.2650
 1.2859
 1.2661
 1.3182
 1.2990
 1.2026
 1.2768
 1.1994
 1.3209
 1.2940
 1.1702
 1.2236
 1.2587
 1.3178
 1.2172
 1.1745
 1.3161
 1.2031
 1.2162
 1.2846
 1.2659
 1.2963
 1.3755
 1.3200
 1.4064
 1.2392
 1.3027
 1.2674
 1.1877
 1.2494
 1.2913
 1.1617
 1.3345
 1.2698
 1.1848
 1.3289
 1.2282
 1.2855
 1.2274
 1.2815
 1.2883
 1.4792
 1.1963
 1.3011
 1.1599
 1.2065
 1.3097
 1.3046
 1.4105
 1.2874
 1.2903
 1.3759
 1.2979
 1.1926
 1.3799
 1.2160
 1.1784
 1.3581
 1.2483
 1.2314
 1.2425
 1.3427
 1.2455
 1.2756
 1.3607
 1.2800
 1.3322
 1.3570
 1.2846
 1.3365
 1.3432
 1.1903
 1.2046
 1.3258
 1.3418
 1.1386
 1.2252
 1.1896
 1.2556
 1.1902
 1.3013
 1.2358
 1.2546
 1.2262
 1.0648
 1.1927
 1.2237
 1.3222
 1.2127
 1.2237
 1.2478
 1.3248
 1.3049
 1.1706
 1.1553
 1.2346
 1.3376
 1.3659
 1.3396
 1.2562
 1.2791
 1.2604
 1.2486
[torch.cuda.FloatTensor of size 300x1 (GPU 0)]


out[7*30:8*30]
Out[64]: 

 1.3178
 1.2172
 1.1745
 1.3161
 1.2031
 1.2162
 1.2846
 1.2659
 1.2963
 1.3755
 1.3200
 1.4064
 1.2392
 1.3027
 1.2674
 1.1877
 1.2494
 1.2913
 1.1617
 1.3345
 1.2698
 1.1848
 1.3289
 1.2282
 1.2855
 1.2274
 1.2815
 1.2883
 1.4792
 1.1963
[torch.cuda.FloatTensor of size 30x1 (GPU 0)]

